809435
654009
262167
987065
492398
991182
353892
815810
39776
69876
393314
649435
485794
450674
644161
690659
833109
617611
68872
460229
551808
303446
82318
264603
804432
91563
990489
760924
377279
136164
788049
276490
274725
993822
243233
407785
732407
862433
116181
651161
489713
110892
112345
763950
977778
938458
72610
740065
206774
50156
257227
246411
437226
603280
905641
711126
135723
517764
907576
463328
280117
78139
438276
619977
158631
396467
361120
347291
767014
632885
76321
716768
857805
361242
322674
339894
624827
785604
740597
520492
406208
284864
287139
635421
229811
335920
685218
19248
794975
916992
435117
866528
170444
564513
874101
766505
72558
529925
769233
210841
